336192828019815
336202496171131
336202496154743
336202496111724
336202496257177
336192828140677
336202495745244
336202496191619
336202496222350
336202495790315
336192828061809
336202495868939
336202495825143
336202496162937
336192827976798
336192828574964
336192828176527
336192828044397
336202495994949
336364735205514
336364737461260
336364739554436
336364738049147
336364739166267
336364735291544
336364737800269
336364739520638
336364734764100
336364735335584
336364737966188
336364737822801
336364737886301
336364735297689
336364738439357
336364737575976
336364738482371
336364738642140
336364738378932
336364734894172
336364735119486
336364734985323
336364737441801
336364736961712
336390534700248
336390536239146
336390535430388
336390535991534
336390536125451
336390535998707
336364735941881
336390535860404
336390534930469
336390535918795
336364734780487
336390536090625
336390536327231
336390536577177
336390534855691
336390536641715
336390534834180
336364734775366
336390535100515
336390537023559
336364737410050
336390534790388
336364734556193
336390534809851
336390536478836
336364735594686
336364737118413
336364736037898
336390536108039
336364738698467
336390536339523
336390535134320
336364737825874
336364738576595
336390536473714
336390534740198
336390534912030
336364737727552
336364735167621
336364734656562
336390535961825
336364737984624
336390534801656
336390536120330
336390536180758
336390535153786
336364735308955
336457982361781
336457986512108
336457982949422
336457985873985
336457985212538
336457986066549
336457985694746
336457985951829
336457982446788
336457985436867
336457985899591
336457983088721
336457982377144
336390536163346
336457982827534
336457985977436
336192828111998
336364737865817
336457982731510
336457985546467
336457985788986
336457985641478
336390534757613
336457985859646
336364737631278
336457985796156
336457987688538
336457986518254
336390534738148
336457986342073
336390534954028
336457983631503
336457986482400
336457987595324
336390535877818
336390536533127
336457983720617
336390536987704
336457982473418
336390536001781
336457985999969
336457984138282
336487862230207
336487862868100
336487862730834
336487862184112
336487862375660
336487862103191
336487862233280
336390534875153
336487862654022
336487862136994
336487862248646
336487862897805
336457987776629
336457985697819
336364736533601
336457987875995
336487862256840
336546603028711
336546601062453
336546601602051
336546603032809
336457986135174
336364739086380
336824274180301
336824273862764
336824274137281
336824274972876
336202496200839
336824274051240
336364737880156
336192828569842
336824274838687
336457983134815
336824275353681
336824273967244
336487862458372
336824274105528
336902357600382
336390535195796
336364737566757
336546601633805
336824274449453
336457985928270